 #wvl              a              b              c           rmse
380.00009000 0.011924258457 2.963608201709 0.000000002271 0.000000001029
390.00000000 0.011663037193 2.835185011481 0.000000000971 0.000000000448
399.99997000 0.011352798004 2.686358290308 0.000000000304 0.000000000144
409.99991000 0.011005669243 2.524591060984 0.000000000065 0.000000000031
419.99997000 0.010618854820 2.350246942938 0.000000000007 0.000000000004
429.99982000 0.010206282833 2.171167497077 0.000000000000 0.000000000000
439.99985000 0.009797937617 2.000909612123 0.000000000000 0.000000000000
449.99985000 0.009418395382 1.848893802204 0.000000000000 0.000000000000
459.99997000 0.009072577499 1.715612800016 0.000000002228 0.000000001245
470.00000000 0.008760367181 1.599567808454 0.000000000837 0.000000000480
479.99991000 0.008473508953 1.496527419856 0.000000000301 0.000000000177
490.00012000 0.008212184366 1.405644501640 0.000000000104 0.000000000062
499.99988000 0.007968672421 1.323518675298 0.000000000033 0.000000000020
510.00000000 0.007731003796 1.245747149480 0.000000000009 0.000000000006
519.99988000 0.007507508350 1.174761696979 0.000000000002 0.000000000001
529.99982000 0.007297958676 1.110097003000 0.000000000000 0.000000000000
539.99994000 0.007106251329 1.052541569421 0.000000000000 0.000000000000
550.00018000 0.006937092188 1.003028013123 0.000000000000 0.000000000000
560.00018000 0.006788370423 0.960480829470 0.000000002094 0.000000001391
570.00006000 0.006659988499 0.924495844455 0.000000000501 0.000000000338
579.99988000 0.006545326493 0.892936694786 0.000000000340 0.000000000232
590.00012000 0.006443039730 0.865246166317 0.000000000237 0.000000000163
599.99988000 0.006350226418 0.840497648328 0.000000000169 0.000000000117
609.99982000 0.006263713533 0.817752478142 0.000000000121 0.000000000084
619.99994000 0.006180308028 0.796119653618 0.000000000087 0.000000000061
630.00012000 0.006098699004 0.775233461247 0.000000000062 0.000000000044
640.00031000 0.006022032067 0.755865012264 0.000000000045 0.000000000032
650.00018000 0.005948483348 0.737514596064 0.000000000032 0.000000000023
660.00006000 0.005874682340 0.719327888961 0.000000000023 0.000000000016
670.00012000 0.005807857590 0.703056199197 0.000000000017 0.000000000012
680.00000000 0.005747007284 0.688401203517 0.000000000012 0.000000000009
689.99994000 0.005692088300 0.675307206190 0.000000000009 0.000000000007
699.99988000 0.005645851262 0.664380677135 0.000000000007 0.000000000005
709.99969000 0.005606879139 0.655240174609 0.000000000006 0.000000000004
719.99988000 0.005576173629 0.648083112415 0.000000000005 0.000000000004
730.00012000 0.005553432328 0.642807739275 0.000000000004 0.000000000003
739.99988000 0.005540821776 0.639891720461 0.000000000004 0.000000000003
749.99963000 0.005531945477 0.637843172174 0.000000000004 0.000000000003
759.99976000 0.005533438826 0.638187590207 0.000000000004 0.000000000003
770.00000000 0.005540369457 0.639787251053 0.000000000004 0.000000000003
780.00012000 0.005548032502 0.641558291366 0.000000000004 0.000000000003
790.00000000 0.005557595408 0.643771850298 0.000000000004 0.000000000003
800.00006000 0.005568796164 0.646369375510 0.000000000005 0.000000000003
809.99994000 0.005574616672 0.647721252715 0.000000000005 0.000000000003
819.99976000 0.005570903735 0.646858719018 0.000000000005 0.000000000003
830.00018000 0.005553985527 0.642935810677 0.000000000004 0.000000000003
840.00006000 0.005518502077 0.634746843223 0.000000000003 0.000000000003
850.00000000 0.005468079069 0.623200368029 0.000000000003 0.000000000002
859.99982000 0.005410221442 0.610082000735 0.000000000002 0.000000000001
869.99994000 0.005329933212 0.592109002441 0.000000000001 0.000000000001
880.00006000 0.005249210662 0.574309677832 0.000000000001 0.000000000000
889.99994000 0.005170091312 0.557127450449 0.000000000000 0.000000000000
900.00000000 0.005090200430 0.540042447681 0.000000000000 0.000000000000
909.99994000 0.005012030584 0.523583022002 0.000000000000 0.000000000000
919.99957000 0.004938452596 0.508323174012 0.000000000000 0.000000000000
929.99982000 0.004869240594 0.494174803776 0.000000000000 0.000000000000
940.00024000 0.004804967868 0.481214944404 0.000000000000 0.000000000000
949.99976000 0.004746572819 0.469585931241 0.000000004971 0.000000003820
960.00006000 0.004693101373 0.459066480377 0.000000003469 0.000000002678
970.00000000 0.004644366258 0.449582402740 0.000000002433 0.000000001885
979.99976000 0.004600503050 0.441130924465 0.000000001720 0.000000001339
990.00006000 0.004561089520 0.433605108612 0.000000001228 0.000000000960
999.99969000 0.004526208938 0.426998779890 0.000000000891 0.000000000698
1009.99963000 0.004495311899 0.421189241797 0.000000000656 0.000000000516
1019.99988000 0.004468144348 0.416113804051 0.000000000492 0.000000000388
1030.00000000 0.004444959853 0.411806792339 0.000000000378 0.000000000299
1039.99976000 0.004425090568 0.408133468315 0.000000000298 0.000000000236
1050.00012000 0.004408766824 0.405127931133 0.000000000243 0.000000000193
1060.00000000 0.004395151828 0.402629621213 0.000000000203 0.000000000161
1069.99976000 0.004385132705 0.400796075935 0.000000000177 0.000000000141
1079.99988000 0.004380333361 0.399919255500 0.000000000165 0.000000000131
1089.99976000 0.004382943964 0.400396083036 0.000000000171 0.000000000136
1100.00037000 0.004391407925 0.401943980596 0.000000000193 0.000000000153
1109.99963000 0.004397986457 0.403149130440 0.000000000211 0.000000000167
1119.99988000 0.004398517225 0.403246442816 0.000000000212 0.000000000168
1130.00000000 0.004398370997 0.403219631739 0.000000000212 0.000000000168
1140.00012000 0.004398855675 0.403308500923 0.000000000213 0.000000000169
1149.99976000 0.004399571887 0.403439841868 0.000000000215 0.000000000171
1160.00000000 0.004400168363 0.403549241412 0.000000000217 0.000000000172
1169.99951000 0.004402176008 0.403917572345 0.000000000223 0.000000000177
1179.99988000 0.004405812574 0.404585179315 0.000000000234 0.000000000185
1190.00000000 0.004409208893 0.405209178960 0.000000000244 0.000000000194
1199.99988000 0.004414687491 0.406216764869 0.000000000262 0.000000000208
1210.00049000 0.004421218892 0.407419609099 0.000000000284 0.000000000225
1220.00049000 0.004427819102 0.408636930458 0.000000000309 0.000000000244
1229.99963000 0.004434342271 0.409841826357 0.000000000334 0.000000000264
1239.99963000 0.004440344494 0.410952063947 0.000000000358 0.000000000283
1250.00012000 0.004446184955 0.412033820549 0.000000000384 0.000000000303
1259.99963000 0.004449335030 0.412617860365 0.000000000398 0.000000000315
1269.99988000 0.004448801624 0.412518935124 0.000000000396 0.000000000312
1280.00012000 0.004445854707 0.411972614993 0.000000000382 0.000000000302
1289.99988000 0.004441544208 0.411174155943 0.000000000364 0.000000000287
1300.00049000 0.004434586484 0.409886969322 0.000000000335 0.000000000265
1310.00000000 0.004421322612 0.407438724749 0.000000000285 0.000000000225
1320.00024000 0.004397384561 0.403038791681 0.000000000209 0.000000000166
1330.00012000 0.004372499061 0.398490023630 0.000000000147 0.000000000118
1340.00000000 0.004350757773 0.394537099083 0.000000000106 0.000000000085
1350.00000000 0.004329759488 0.390737963604 0.000000000075 0.000000000060
1359.99927000 0.004306884735 0.386620237414 0.000000000050 0.000000000040
1369.99951000 0.004282918747 0.382329468128 0.000000000031 0.000000000025
1379.99976000 0.004256496062 0.377626606880 0.000000000017 0.000000000014
1389.99976000 0.004228550815 0.372684411314 0.000000000011 0.000000000009
1400.00000000 0.004199976671 0.367664651105 0.000000000010 0.000000000008
1409.99988000 0.004169624216 0.362369765106 0.000000000009 0.000000000007
1419.99988000 0.004137251200 0.356764722668 0.000000000007 0.000000000006
1429.99963000 0.004103704554 0.351002570097 0.000000000006 0.000000000005
1439.99988000 0.004068353501 0.344981247935 0.000000000005 0.000000000004
1449.99963000 0.004032069011 0.338855109896 0.000000000004 0.000000000004
1460.00037000 0.003995162200 0.332680203580 0.000000000004 0.000000000003
1470.00049000 0.003957260794 0.326397987343 0.000000000003 0.000000000002
1480.00024000 0.003918216022 0.319988875557 0.000000000002 0.000000000002
1489.99988000 0.003878928022 0.313603983181 0.000000000002 0.000000000002
1500.00000000 0.003839651691 0.307285302426 0.000000000001 0.000000000001
1509.99988000 0.003800441785 0.301041450585 0.000000000001 0.000000000001
1520.00000000 0.003760360681 0.294725108081 0.000000000001 0.000000000001
1529.99939000 0.003720320422 0.288482067803 0.000000000001 0.000000000001
1539.99988000 0.003680919722 0.282403985861 0.000000000001 0.000000000000
1549.99963000 0.003641254102 0.276350404290 0.000000000000 0.000000000000
1560.00024000 0.003602061708 0.270433462028 0.000000000000 0.000000000000
1570.00000000 0.003563117155 0.264617361792 0.000000000000 0.000000000000
1580.00000000 0.003524564394 0.258922046213 0.000000000000 0.000000000000
1590.00049000 0.003486416613 0.253347542650 0.000000000000 0.000000000000
1600.00012000 0.003448935034 0.247929474301 0.000000000000 0.000000000000
1610.00012000 0.003412085278 0.242659828363 0.000000000000 0.000000000000
1620.00085000 0.003375896078 0.237539736704 0.000000000000 0.000000000000
1629.99988000 0.003340420840 0.232573646397 0.000000000000 0.000000000000
1640.00000000 0.003305147973 0.227677031556 0.000000010353 0.000000009062
1650.00012000 0.003270525390 0.222933242506 0.000000008883 0.000000007792
1659.99988000 0.003236708765 0.218347968279 0.000000007615 0.000000006694
1670.00037000 0.003204027911 0.213961859833 0.000000006535 0.000000005756
1679.99988000 0.003171640765 0.209658976912 0.000000005591 0.000000004934
1689.99976000 0.003139955611 0.205491570262 0.000000004777 0.000000004225
1700.00012000 0.003109240770 0.201491642496 0.000000004084 0.000000003618
1709.99988000 0.003079139360 0.197609678342 0.000000003486 0.000000003094
1720.00037000 0.003049777966 0.193859470586 0.000000002974 0.000000002643
1730.00000000 0.003020835008 0.190197820575 0.000000002529 0.000000002252
1740.00073000 0.002992472088 0.186643375360 0.000000002148 0.000000001916
1749.99976000 0.002965231916 0.183261157943 0.000000001827 0.000000001632
1760.00000000 0.002938679069 0.179994012903 0.000000001552 0.000000001389
1769.99976000 0.002912919991 0.176852587936 0.000000001319 0.000000001182
1780.00000000 0.002887551044 0.173785746175 0.000000001117 0.000000001003
1790.00049000 0.002862580308 0.170793217219 0.000000000945 0.000000000849
1800.00024000 0.002838727516 0.167958916134 0.000000000800 0.000000000720
1810.00049000 0.002815489385 0.165220441417 0.000000000676 0.000000000610
1820.00024000 0.002792841938 0.162573218669 0.000000000572 0.000000000516
1830.00024000 0.002770726723 0.160008826881 0.000000000482 0.000000000436
1840.00037000 0.002749418245 0.157557255033 0.000000000407 0.000000000368
1850.00024000 0.002728456151 0.155163993341 0.000000000342 0.000000000310
1859.99988000 0.002707949821 0.152840481533 0.000000000287 0.000000000260
1869.99963000 0.002688432783 0.150645337679 0.000000000242 0.000000000219
1880.00012000 0.002669192400 0.148496846255 0.000000000203 0.000000000184
1890.00024000 0.002650612256 0.146436722443 0.000000000170 0.000000000154
1900.00024000 0.002632970311 0.144493939115 0.000000000143 0.000000000130
1909.99963000 0.002615591535 0.142592818739 0.000000000119 0.000000000109
1919.99963000 0.002598439230 0.140728814462 0.000000000100 0.000000000091
1930.00049000 0.002581506253 0.138900672263 0.000000000083 0.000000000076
1939.99988000 0.002564879259 0.137117193223 0.000000000068 0.000000000062
1949.99976000 0.002548777443 0.135401029391 0.000000000056 0.000000000052
1960.00012000 0.002533393483 0.133771471293 0.000000000047 0.000000000043
1969.99927000 0.002518324362 0.132184826778 0.000000000038 0.000000000035
1979.99976000 0.002503636779 0.130647463726 0.000000000031 0.000000000029
1989.99939000 0.002489272961 0.129152686791 0.000000000026 0.000000000024
1999.99988000 0.002477671463 0.127951656858 0.000000000022 0.000000000020
2010.00024000 0.002468397505 0.126995626329 0.000000000019 0.000000000017
2019.99976000 0.002455193819 0.125640658657 0.000000000015 0.000000000014
2029.99939000 0.002442312873 0.124325814715 0.000000000012 0.000000000011
2040.00012000 0.002430744953 0.123150900032 0.000000000010 0.000000000009
2050.00073000 0.002419515340 0.122015684175 0.000000000008 0.000000000008
2060.00000000 0.002407947911 0.120851813236 0.000000000007 0.000000000006
2070.00000000 0.002396182826 0.119673775568 0.000000000005 0.000000000005
2080.00000000 0.002384491821 0.118508871597 0.000000000004 0.000000000004
2089.99951000 0.002373625912 0.117431294903 0.000000000003 0.000000000003
2099.99951000 0.002363292208 0.116411067694 0.000000000003 0.000000000002
2110.00049000 0.002353293328 0.115428137825 0.000000000002 0.000000000002
2119.99976000 0.002343330190 0.114452867914 0.000000000002 0.000000000001
2129.99976000 0.002333855262 0.113529232168 0.000000000001 0.000000000001
2139.99951000 0.002324623513 0.112632904967 0.000000000001 0.000000000001
2149.99951000 0.002315576391 0.111757953639 0.000000000001 0.000000000001
2159.99902000 0.002306817415 0.110914124392 0.000000000000 0.000000000000
2169.99951000 0.002298220960 0.110089065448 0.000000000000 0.000000000000
2179.99902000 0.002290115573 0.109313968077 0.000000000000 0.000000000000
2190.00024000 0.002282335935 0.108572604464 0.000000000000 0.000000000000
2199.99951000 0.002274399272 0.107818875175 0.000000000000 0.000000000000
2209.99951000 0.002266757870 0.107095674890 0.000000000000 0.000000000000
2219.99927000 0.002259868598 0.106445762657 0.000000000000 0.000000000000
2229.99927000 0.002253004697 0.105800213799 0.000000000000 0.000000000000
2240.00049000 0.002246394107 0.105180354874 0.000000000000 0.000000000000
2250.00000000 0.002240002180 0.104582741202 0.000000000000 0.000000000000
2259.99927000 0.002233499617 0.103976529904 0.000000000000 0.000000000000
2270.00000000 0.002226993747 0.103371775754 0.000000000000 0.000000000000
2280.00073000 0.002220767325 0.102791692454 0.000000001747 0.000000002004
2290.00098000 0.002214803605 0.102241511675 0.000000001123 0.000000001289
2300.00098000 0.002208864812 0.101694875677 0.000000000640 0.000000000735
2309.99927000 0.002203024763 0.101158545131 0.000000000299 0.000000000343
2320.00073000 0.002197750586 0.100675247228 0.000000000101 0.000000000116
2329.99951000 0.002192600500 0.100204277883 0.000000000009 0.000000000011
2339.99951000 0.002187522200 0.099740798534 0.000000000015 0.000000000017
2349.99927000 0.002182404088 0.099274607924 0.000000000116 0.000000000133
2360.00024000 0.002177629424 0.098840564088 0.000000000295 0.000000000340
2369.99976000 0.002173055343 0.098425532030 0.000000000543 0.000000000625
2379.99951000 0.002168541465 0.098016698626 0.000000000861 0.000000000990
2390.00000000 0.002164343498 0.097637161520 0.000000001219 0.000000001403
2400.00049000 0.002160134961 0.097257300838 0.000000001639 0.000000001887
2410.00049000 0.002155835811 0.096869903944 0.000000002131 0.000000002453
2420.00024000 0.002151631018 0.096496347083 0.000000000000 0.000000000000
2430.00049000 0.002147610567 0.096136312716 0.000000000000 0.000000000000
2440.00098000 0.002143968314 0.095810782066 0.000000000000 0.000000000000
2450.00098000 0.002140570328 0.095507624939 0.000000000000 0.000000000000
2460.00146000 0.002137093203 0.095197897271 0.000000000000 0.000000000000
2470.00000000 0.002133632437 0.094890133972 0.000000000000 0.000000000000
2480.00024000 0.002130342597 0.094598069147 0.000000000000 0.000000000000
2489.99976000 0.002127238823 0.094322978690 0.000000000000 0.000000000000
2499.99951000 0.002124254507 0.094058895862 0.000000000000 0.000000000000
